*****Begin of Testcase1 Execution*****
Inserting the below elements to the PQ
[1,100]  [7,94]  [2,99]  [24,77]  [8,93]  [3,98]  [40,61]  [33,68]  [25,76]  [17,84]  [9,92]  [4,97]  [49,52]  [45,56]  [41,60]  [38,63]  [34,67]  [30,71]  [26,75]  [22,79]  [18,83]  [14,87]  [10,91]  [6,95]  [5,96]  [52,49]  [50,51]  [72,29]  [46,55]  [44,57]  [42,59]  [69,32]  [55,46]  [37,64]  [35,66]  [65,36]  [31,70]  [29,72]  [27,74]  [61,40]  [23,78]  [21,80]  [19,82]  [57,44]  [15,86]  [13,88]  [11,90]  [53,48]  [39,62]  [54,47]  [71,30]  [95,6]  [77,24]  [78,23]  [51,50]  [96,5]  [75,26]  [88,13]  [47,54]  [89,12]  [73,28]  [74,27]  [43,58]  [100,1]  [84,17]  [91,10]  [64,37]  [94,7]  [70,31]  [79,22]  [36,65]  [97,4]  [68,33]  [85,16]  [32,69]  [86,15]  [66,35]  [67,34]  [28,73]  [98,3]  [80,21]  [83,18]  [56,45]  [92,9]  [62,39]  [63,38]  [20,81]  [93,8]  [60,41]  [81,20]  [16,85]  [82,19]  [58,43]  [59,42]  [12,89]  [99,2]  [76,25]  [87,14]  [48,53]  [90,11] 



Applying the Extract-All-Min operation to PQ
Min Element Extracted is : [ 1, 100]
[2,99]  [7,94]  [3,98]  [24,77]  [8,93]  [4,97]  [40,61]  [33,68]  [25,76]  [17,84]  [9,92]  [5,96]  [49,52]  [45,56]  [41,60]  [38,63]  [34,67]  [30,71]  [26,75]  [22,79]  [18,83]  [14,87]  [10,91]  [6,95]  [54,47]  [52,49]  [50,51]  [72,29]  [46,55]  [44,57]  [42,59]  [69,32]  [55,46]  [37,64]  [35,66]  [65,36]  [31,70]  [29,72]  [27,74]  [61,40]  [23,78]  [21,80]  [19,82]  [57,44]  [15,86]  [13,88]  [11,90]  [53,48]  [39,62]  [90,11]  [71,30]  [95,6]  [77,24]  [78,23]  [51,50]  [96,5]  [75,26]  [88,13]  [47,54]  [89,12]  [73,28]  [74,27]  [43,58]  [100,1]  [84,17]  [91,10]  [64,37]  [94,7]  [70,31]  [79,22]  [36,65]  [97,4]  [68,33]  [85,16]  [32,69]  [86,15]  [66,35]  [67,34]  [28,73]  [98,3]  [80,21]  [83,18]  [56,45]  [92,9]  [62,39]  [63,38]  [20,81]  [93,8]  [60,41]  [81,20]  [16,85]  [82,19]  [58,43]  [59,42]  [12,89]  [99,2]  [76,25]  [87,14]  [48,53] 

Inserting the data [1,0] to the PQ
[1,0]  [7,94]  [2,99]  [24,77]  [8,93]  [3,98]  [40,61]  [33,68]  [25,76]  [17,84]  [9,92]  [4,97]  [49,52]  [45,56]  [41,60]  [38,63]  [34,67]  [30,71]  [26,75]  [22,79]  [18,83]  [14,87]  [10,91]  [6,95]  [5,96]  [52,49]  [50,51]  [72,29]  [46,55]  [44,57]  [42,59]  [69,32]  [55,46]  [37,64]  [35,66]  [65,36]  [31,70]  [29,72]  [27,74]  [61,40]  [23,78]  [21,80]  [19,82]  [57,44]  [15,86]  [13,88]  [11,90]  [53,48]  [39,62]  [54,47]  [71,30]  [95,6]  [77,24]  [78,23]  [51,50]  [96,5]  [75,26]  [88,13]  [47,54]  [89,12]  [73,28]  [74,27]  [43,58]  [100,1]  [84,17]  [91,10]  [64,37]  [94,7]  [70,31]  [79,22]  [36,65]  [97,4]  [68,33]  [85,16]  [32,69]  [86,15]  [66,35]  [67,34]  [28,73]  [98,3]  [80,21]  [83,18]  [56,45]  [92,9]  [62,39]  [63,38]  [20,81]  [93,8]  [60,41]  [81,20]  [16,85]  [82,19]  [58,43]  [59,42]  [12,89]  [99,2]  [76,25]  [87,14]  [48,53]  [90,11] 

Applying the Extract-All-Min operation to PQ
Min Element Extracted is : [ 1, 0]
[2,99]  [7,94]  [3,98]  [24,77]  [8,93]  [4,97]  [40,61]  [33,68]  [25,76]  [17,84]  [9,92]  [5,96]  [49,52]  [45,56]  [41,60]  [38,63]  [34,67]  [30,71]  [26,75]  [22,79]  [18,83]  [14,87]  [10,91]  [6,95]  [54,47]  [52,49]  [50,51]  [72,29]  [46,55]  [44,57]  [42,59]  [69,32]  [55,46]  [37,64]  [35,66]  [65,36]  [31,70]  [29,72]  [27,74]  [61,40]  [23,78]  [21,80]  [19,82]  [57,44]  [15,86]  [13,88]  [11,90]  [53,48]  [39,62]  [90,11]  [71,30]  [95,6]  [77,24]  [78,23]  [51,50]  [96,5]  [75,26]  [88,13]  [47,54]  [89,12]  [73,28]  [74,27]  [43,58]  [100,1]  [84,17]  [91,10]  [64,37]  [94,7]  [70,31]  [79,22]  [36,65]  [97,4]  [68,33]  [85,16]  [32,69]  [86,15]  [66,35]  [67,34]  [28,73]  [98,3]  [80,21]  [83,18]  [56,45]  [92,9]  [62,39]  [63,38]  [20,81]  [93,8]  [60,41]  [81,20]  [16,85]  [82,19]  [58,43]  [59,42]  [12,89]  [99,2]  [76,25]  [87,14]  [48,53] 

*****End of Testcase1 Execution*****
*****Begin of Testcase2 Execution*****
Inserting the below elements to the PQ


Applying the Extract-All-Min operation to PQ
Min Element Extracted is : [ 1, 1000]
[1, 1]  [1, 2]  [1, 3]  [1, 4]  [1, 5]  [1, 6]  [1, 7]  [1, 8]  [1, 9]  [1, 10]  [1, 11]  [1, 12]  [1, 13]  [1, 14]  [1, 15]  [1, 16]  [1, 17]  [1, 18]  [1, 19]  [1, 20]  [1, 21]  [1, 22]  [1, 23]  [1, 24]  [1, 25]  [1, 26]  [1, 27]  [1, 28]  [1, 29]  [1, 30]
Applying the Extract-All-Min operation to PQ
Min Element Extracted is : [ 1, 1]
Min Element Extracted is : [ 1, 25]
Min Element Extracted is : [ 1, 26]
Min Element Extracted is : [ 1, 27]
Min Element Extracted is : [ 1, 28]
Min Element Extracted is : [ 1, 29]
Min Element Extracted is : [ 1, 30]
Min Element Extracted is : [ 1, 24]
Min Element Extracted is : [ 1, 2]
Min Element Extracted is : [ 1, 3]
Min Element Extracted is : [ 1, 4]
Min Element Extracted is : [ 1, 20]
Min Element Extracted is : [ 1, 5]
Min Element Extracted is : [ 1, 6]
Min Element Extracted is : [ 1, 7]
Min Element Extracted is : [ 1, 16]
Min Element Extracted is : [ 1, 8]
Min Element Extracted is : [ 1, 9]
Min Element Extracted is : [ 1, 10]
Min Element Extracted is : [ 1, 11]
Min Element Extracted is : [ 1, 12]
Min Element Extracted is : [ 1, 13]
Min Element Extracted is : [ 1, 14]
Min Element Extracted is : [ 1, 15]
Min Element Extracted is : [ 1, 17]
Min Element Extracted is : [ 1, 18]
Min Element Extracted is : [ 1, 19]
Min Element Extracted is : [ 1, 21]
Min Element Extracted is : [ 1, 22]
Min Element Extracted is : [ 1, 23]
*****End of Testcase2 Execution*****
